2010-1-3-21 0 0 239 1 0 1 33
2010-1-3-22 0 0 447 0 0 0 65
2010-1-3-23 0 0 300 1 0 1 61
2010-1-4-0 0 0 160 1 0 1 62
2010-1-4-1 0 0 132 0 0 1 61
2010-1-4-2 0 0 88 0 0 0 60
2010-1-4-3 0 0 104 0 0 0 60
2010-1-4-4 0 0 60 0 0 0 60
2010-1-4-5 0 0 60 0 0 0 60
2010-1-4-6 0 0 60 0 0 0 60
2010-1-4-7 0 0 86 0 0 0 60
2010-1-4-8 0 0 86 0 0 0 60
2010-1-4-9 0 0 82 0 0 0 60
2010-1-4-10 0 0 146 0 0 0 60
2010-1-4-11 0 0 238 0 0 1 62
2010-1-4-12 0 0 89 0 0 0 62
2010-1-4-13 0 0 172 0 0 0 69
2010-1-4-14 0 0 273 0 0 0 82
2010-1-4-15 0 0 419 0 0 0 92
2010-1-4-16 0 0 340 0 0 0 74
2010-1-4-17 0 0 159 0 0 0 74
2010-1-4-18 0 0 85 0 0 0 64
2010-1-4-19 0 0 154 0 0 0 60
2010-1-4-20 0 0 493 1 0 1 64
2010-1-4-21 0 0 210 0 0 1 69
2010-1-4-22 0 0 289 0 0 0 59
2010-1-4-23 0 0 257 0 0 0 58
2010-1-5-0 0 0 321 0 0 0 59
2010-1-5-1 0 0 190 0 0 0 61
2010-1-5-2 0 0 149 0 0 0 60
2010-1-5-3 0 0 63 0 0 0 60
2010-1-5-4 0 0 85 0 0 0 60
2010-1-5-5 0 0 95 0 0 0 60
2010-1-5-6 0 0 71 0 0 0 60
2010-1-5-7 0 0 60 0 0 0 60
2010-1-5-8 0 0 82 0 0 0 59
2010-1-5-9 0 0 212 5 0 0 60
2010-1-5-10 0 0 649 0 0 0 77
2010-1-5-11 0 1 463 0 0 0 86
2010-1-5-12 0 0 185 0 0 0 62
2010-1-5-13 0 0 117 1 0 0 61
2010-1-5-14 0 0 66 0 0 0 59
2010-1-5-15 0 0 185 11 0 0 62
2010-1-5-16 0 0 153 0 0 0 60
2010-1-5-17 0 0 191 0 0 0 58
2010-1-5-18 0 0 1011 23 0 3 63
2010-1-5-19 0 0 832 1 0 0 63
2010-1-5-20 0 0 262 0 0 0 60
2010-1-5-21 0 0 219 1 0 0 63
2010-1-5-22 0 0 313 0 0 0 65
2010-1-5-23 0 0 352 0 0 0 97
2010-1-6-0 0 0 427 0 0 0 60
2010-1-6-1 0 0 177 2 0 0 68
2010-1-6-2 0 0 61 0 0 0 60
2010-1-6-3 0 0 77 0 0 0 60
2010-1-6-4 0 0 77 0 0 0 60
2010-1-6-5 0 0 94 0 0 0 60
2010-1-6-6 0 0 60 0 0 0 60
2010-1-6-7 0 0 72 0 0 0 60
2010-1-6-8 0 0 99 0 0 0 63
2010-1-6-9 0 0 63 0 0 0 60
2010-1-6-10 0 0 107 0 0 0 60
2010-1-6-11 0 0 93 0 0 0 60
2010-1-6-12 0 0 182 10 0 0 60
2010-1-6-13 0 0 75 1 0 0 60
2010-1-6-14 0 0 66 0 0 0 60
2010-1-6-15 0 0 63 0 0 0 60
2010-1-6-16 0 0 216 0 0 0 60
2010-1-6-17 0 0 86 0 0 0 60
2010-1-6-18 0 0 102 0 0 0 63
2010-1-6-19 0 0 63 0 0 0 60
2010-1-6-20 0 0 77 0 0 0 59
2010-1-6-21 0 0 149 0 0 0 60
2010-1-6-22 0 0 305 0 0 0 61
2010-1-6-23 0 0 174 0 0 0 59
2010-1-7-0 0 0 444 0 0 3 65
2010-1-7-1 0 0 151 0 0 0 60
2010-1-7-2 0 0 61 0 0 0 60
2010-1-7-3 0 0 60 0 0 0 60
2010-1-7-4 0 0 61 0 0 0 60
2010-1-7-5 0 0 60 0 0 0 60
2010-1-7-6 0 0 60 0 0 0 60
2010-1-7-7 0 0 60 0 0 0 60
2010-1-7-8 0 0 61 0 0 0 60
2010-1-7-9 0 0 69 0 0 0 60
2010-1-7-10 0 0 189 0 0 0 63
2010-1-7-11 0 0 859 0 0 1 70
2010-1-7-12 0 0 715 0 0 4 66
2010-1-7-13 0 2 1077 0 0 14 66
2010-1-7-14 0 0 259 0 0 0 66
2010-1-7-15 0 0 429 0 0 10 54
2010-1-7-16 0 0 177 0 0 0 49
2010-1-7-17 0 0 348 0 0 0 57
2010-1-7-18 0 0 210 0 0 0 62
2010-1-7-19 0 0 940 0 0 3 85
2010-1-7-20 0 0 291 1 0 0 63
2010-1-7-21 0 0 198 0 0 1 59
2010-1-7-22 0 0 111 0 0 0 60
2010-1-7-23 0 0 64 0 0 0 60
2010-1-8-0 0 0 60 0 0 0 60
2010-1-8-1 0 0 95 0 0 0 60
2010-1-8-2 0 0 63 0 0 0 60
2010-1-8-3 0 0 59 0 0 0 59
2010-1-8-4 0 0 61 0 0 0 60
2010-1-8-5 0 0 61 0 0 0 60
2010-1-8-6 0 0 60 0 0 0 60
2010-1-8-7 0 0 60 0 0 0 60
2010-1-8-8 0 0 65 0 0 0 60
2010-1-8-9 0 0 61 0 0 0 60
2010-1-8-10 0 0 60 0 0 0 60
2010-1-8-11 0 0 60 0 0 0 60
2010-1-8-12 0 0 287 0 0 0 60
2010-1-8-13 0 0 101 0 0 0 63
2010-1-8-14 0 0 323 0 0 0 71
2010-1-8-15 0 0 660 0 0 4 169
2010-1-8-16 0 0 1232 0 0 0 568
2010-1-8-17 0 0 885 0 0 0 225
2010-1-8-18 0 0 465 0 0 0 122
2010-1-8-19 0 0 424 1 0 0 71
2010-1-8-20 0 0 288 0 0 0 67
2010-1-8-21 0 0 354 1 0 0 71
2010-1-8-22 0 0 60 0 0 0 60
2010-1-8-23 0 0 103 0 0 0 60
2010-1-9-0 0 0 60 0 0 0 60
2010-1-9-1 0 0 94 0 0 0 60
2010-1-9-2 0 0 63 0 0 0 60
2010-1-9-3 0 0 61 1 0 0 60
2010-1-9-4 0 0 60 0 0 0 60
2010-1-9-5 0 0 60 0 0 0 60
2010-1-9-6 0 0 60 0 0 0 60
2010-1-9-7 0 0 61 0 0 0 60
2010-1-9-8 0 0 82 0 0 0 60
2010-1-9-9 0 0 60 0 0 0 60
2010-1-9-10 0 1 323 0 0 2 68
2010-1-9-11 0 0 102 0 0 0 60
2010-1-9-12 0 0 60 0 0 0 60
2010-1-9-13 0 0 60 0 0 0 60
2010-1-9-14 0 0 60 0 0 0 60
2010-1-9-15 0 0 66 0 0 0 59
2010-1-9-16 0 0 117 0 0 0 60
2010-1-9-17 0 0 60 0 0 0 60
2010-1-9-18 0 0 87 0 0 0 60
2010-1-9-19 0 0 60 0 0 0 60
2010-1-9-20 0 0 93 0 0 0 61
2010-1-9-21 0 0 59 0 0 0 59
2010-1-9-22 0 0 60 0 0 0 60
2010-1-9-23 0 0 62 0 0 0 60
2010-1-10-0 0 0 60 0 0 0 60
2010-1-10-1 0 0 62 0 0 0 60
2010-1-10-2 0 0 60 0 0 0 60
2010-1-10-3 0 0 62 0 0 0 60
2010-1-10-4 0 0 60 0 0 0 60
2010-1-10-5 0 0 60 0 0 0 60
2010-1-10-6 0 0 62 0 0 0 60
2010-1-10-7 0 0 75 0 0 0 60
2010-1-10-8 0 0 64 0 0 0 60
2010-1-10-9 0 0 62 0 0 0 60
2010-1-10-10 0 0 64 0 0 0 60
2010-1-10-11 0 0 74 0 0 0 60
2010-1-10-12 0 0 87 0 0 0 60
2010-1-10-13 0 0 115 0 0 0 68
2010-1-10-14 0 0 72 0 0 0 60
2010-1-10-15 0 0 73 0 0 0 58
2010-1-10-16 0 0 71 0 0 0 59
2010-1-10-17 0 0 64 0 0 0 60
2010-1-10-18 0 0 61 0 0 0 60
2010-1-10-19 0 0 66 0 0 0 60
2010-1-10-20 0 0 61 0 0 0 60
2010-1-10-21 0 0 87 0 0 0 59
2010-1-10-22 0 0 60 0 0 0 60
2010-1-10-23 0 0 60 0 0 0 60
2010-1-11-0 0 0 61 0 0 0 60
2010-1-11-1 0 0 60 0 0 0 60
2010-1-11-2 0 0 60 0 0 0 60
2010-1-11-3 0 0 64 0 0 0 60
2010-1-11-4 0 0 61 0 0 0 60
2010-1-11-5 0 0 60 0 0 0 60
2010-1-11-6 0 0 60 0 0 0 60
2010-1-11-7 0 0 62 0 0 0 60
2010-1-11-8 0 0 60 0 0 0 60
2010-1-11-9 0 0 60 0 0 0 60
2010-1-11-10 0 0 136 0 0 0 59
2010-1-11-11 0 0 108 0 0 0 45
2010-1-11-12 0 0 82 0 0 0 51
2010-1-11-13 0 0 74 0 0 0 48
2010-1-11-14 0 0 72 0 0 0 46
2010-1-11-15 0 0 63 0 0 0 40
2010-1-11-16 0 0 38 0 0 0 38
2010-1-11-17 0 0 167 0 0 0 62
2010-1-11-18 0 0 66 0 0 0 60
2010-1-11-19 0 0 62 0 0 0 60
2010-1-11-20 0 0 69 0 0 0 60
2010-1-11-21 0 0 60 0 0 0 60
2010-1-11-22 0 0 100 0 0 0 60
2010-1-11-23 0 0 57 0 0 0 36
2010-1-12-0 0 0 100 0 0 0 40
2010-1-12-1 0 0 61 0 0 0 59
2010-1-12-2 0 0 62 0 0 0 60
2010-1-12-3 0 0 61 0 0 0 60
2010-1-12-4 0 0 75 0 0 0 60
2010-1-12-5 0 0 60 0 0 0 60
2010-1-12-6 0 0 60 0 0 0 60
2010-1-12-7 0 0 66 0 0 0 59
2010-1-12-8 0 0 60 0 0 0 60
2010-1-12-9 0 0 249 0 0 0 60
2010-1-12-10 0 0 269 0 0 1 63
2010-1-12-11 0 0 136 0 0 0 59
2010-1-12-12 0 0 78 0 0 0 60
2010-1-12-13 0 0 73 0 0 0 59
2010-1-12-14 0 0 121 0 0 0 60
2010-1-12-15 0 0 60 0 0 0 60
2010-1-12-16 0 0 78 0 0 1 60
2010-1-12-17 0 0 62 0 0 2 60
2010-1-12-18 0 0 60 0 0 0 60
2010-1-12-19 0 0 60 0 0 0 60
2010-1-12-20 0 0 420 0 0 0 64
2010-1-12-21 0 0 91 0 0 1 60
2010-1-12-22 0 0 231 0 0 0 58
2010-1-12-23 0 0 165 0 0 0 57
2010-1-13-0 0 0 63 0 0 0 60
2010-1-13-1 0 0 60 0 0 0 60
2010-1-13-2 0 0 59 0 0 0 59
2010-1-13-3 0 0 63 0 0 0 60
2010-1-13-4 0 0 60 0 0 0 60
2010-1-13-5 0 0 60 0 0 0 60
2010-1-13-6 0 0 60 0 0 0 60
2010-1-13-7 0 0 60 0 0 0 60
2010-1-13-8 0 0 60 0 0 0 60
2010-1-13-9 0 0 112 0 0 0 60
2010-1-13-10 0 0 115 0 0 0 58
2010-1-13-11 0 0 63 0 0 0 60
2010-1-13-12 0 0 60 0 0 0 60
2010-1-13-13 0 0 69 0 0 0 60
2010-1-13-14 0 0 61 0 0 0 60
2010-1-13-15 0 0 171 0 0 0 60
2010-1-13-16 0 0 135 0 0 0 58
2010-1-13-17 0 1 201 0 0 2 56
2010-1-13-18 0 0 148 6 0 0 60
2010-1-13-19 0 0 69 0 0 0 60
2010-1-13-20 0 0 225 0 0 0 60
2010-1-13-21 0 0 91 0 0 0 60
2010-1-13-22 0 0 141 0 0 0 60
2010-1-13-23 0 0 62 0 0 0 60
2010-1-14-0 0 0 60 0 0 0 60
2010-1-14-1 0 0 140 0 0 0 60
2010-1-14-2 0 0 91 0 0 0 59
2010-1-14-3 0 0 69 0 0 0 60
2010-1-14-4 0 0 63 0 0 0 60
2010-1-14-5 0 0 60 0 0 0 60
2010-1-14-6 0 0 62 0 0 0 60
2010-1-14-7 0 0 60 0 0 0 60
2010-1-14-8 0 0 60 0 0 0 60
2010-1-14-9 0 0 60 0 0 0 60
2010-1-14-10 0 0 60 0 0 0 60
2010-1-14-11 0 0 61 0 0 0 60
2010-1-14-12 0 0 80 0 0 0 60
2010-1-14-13 0 0 591 0 0 2 63
2010-1-14-14 0 0 105 0 0 0 60
2010-1-14-15 0 0 163 0 0 0 64
2010-1-14-16 0 0 503 0 0 0 86
2010-1-14-17 0 0 187 0 0 0 64
2010-1-14-18 0 0 84 0 0 0 60
2010-1-14-19 0 0 111 0 0 0 60
2010-1-14-20 0 0 96 0 0 0 60
2010-1-14-21 0 0 71 0 0 0 57
2010-1-14-22 0 0 58 0 0 0 56
2010-1-14-23 0 0 166 0 0 0 66
2010-1-15-0 0 0 105 0 0 0 61
2010-1-15-1 0 0 71 0 0 0 59
2010-1-15-2 0 0 64 0 0 0 60
2010-1-15-3 0 2 387 4 0 0 64
2010-1-15-4 0 0 80 0 0 0 60
2010-1-15-5 0 0 173 0 0 0 60
2010-1-15-6 0 0 189 0 0 0 60
2010-1-15-7 0 0 72 0 0 0 60
2010-1-15-8 0 0 129 0 0 0 60
2010-1-15-9 0 0 109 0 0 0 60
2010-1-15-10 0 0 63 0 0 0 60
2010-1-15-11 0 0 68 0 0 0 60
2010-1-15-12 0 0 238 3 0 0 60
2010-1-15-13 0 0 174 4 0 0 65
2010-1-15-14 0 0 112 0 0 0 52